-4.291111149242846295e+03
1.406987742312339833e+02
-6.150950114519731926e+01
1.404285811339020182e-03
-7.882984609336816106e-01
1.323904031076293109e+01
-8.247646388054881754e+02
-1.105593842948728422e+00
6.182786104063306993e+02
2.873064533305537225e+02
-2.535796339326070665e+02
2.599233724150549278e+03
4.586106326139088196e+00
-2.329583610305633101e+01
-1.853514016832849620e+01
-2.029173056087356208e+00
-6.618464635400187035e+00
8.797989670136843188e+00
-2.641576547277102804e+01
-4.411472871079809011e-01
8.650914493482537182e+02
-2.379943563307656405e+02
1.416023148457348725e+03
-1.046126523786203961e+03
-1.275841160496549946e+03
1.281699015866893751e+04
-1.129672027102515131e+01
1.179772278149694102e+02
7.101533925393596292e+01
9.171122027878197969e-02
-2.255514993052347563e+03
