-4.291108336954494007e+03
1.406987601032401471e+02
-6.150950179187735500e+01
1.404285798686124090e-03
-7.882984616817090284e-01
1.323904002077873088e+01
-8.247646693085944207e+02
-1.105596343243330892e+00
6.182785510288431396e+02
2.873064321885390200e+02
-2.535797232908039405e+02
2.599233725682624936e+03
4.586077107010169129e+00
-2.329584048038600486e+01
-1.853514034835216506e+01
-2.029173272834265518e+00
-6.618464674821268545e+00
8.797989358951340932e+00
-2.641576538785388095e+01
-4.411474965438699769e-01
8.650914441236018320e+02
-2.379943619685082012e+02
1.416023070104902217e+03
-1.046126583228022810e+03
-1.275841215061753701e+03
1.281698983689300803e+04
-1.129673278380687407e+01
1.179772108720480901e+02
7.101529373212542851e+01
9.171115107055882731e-02
-2.255515186300995992e+03
