-4.291114434764254838e+03
1.406987958777929180e+02
-6.150950060877143244e+01
1.404285844384531821e-03
-7.882984694919450419e-01
1.323904101282295187e+01
-8.247645806866576095e+02
-1.105588364069433283e+00
6.182786479076294199e+02
2.873064861299872064e+02
-2.535795259414594511e+02
2.599233723980016748e+03
4.586125130594155053e+00
-2.329582633569759764e+01
-1.853514000957293462e+01
-2.029172775390908789e+00
-6.618464484239169110e+00
8.797990099712521328e+00
-2.641576535097568268e+01
-4.411470690581538179e-01
8.650914461757656682e+02
-2.379943496732496442e+02
1.416023222013556733e+03
-1.046126455663675642e+03
-1.275841088646560593e+03
1.281699025552433159e+04
-1.129670092671972270e+01
1.179772565287821635e+02
7.101541539923346136e+01
9.171127389392097484e-02
-2.255514885109121678e+03
