-4.291111149224478140e+03
1.406987742305581151e+02
-6.150950114517726774e+01
1.404285811339196256e-03
-7.882984609337568838e-01
1.323904031076204113e+01
-8.247646388058423099e+02
-1.105593842935556737e+00
6.182786104042971829e+02
2.873064533288176108e+02
-2.535796339368014287e+02
2.599233724150547459e+03
4.586106326187593396e+00
-2.329583610299340535e+01
-1.853514016832720657e+01
-2.029173056087043125e+00
-6.618464635400678198e+00
8.797989670137576823e+00
-2.641576547277241716e+01
-4.411472871073942037e-01
8.650914493482856642e+02
-2.379943563307548970e+02
1.416023148457328489e+03
-1.046126523786287407e+03
-1.275841160496692737e+03
1.281699015866927584e+04
-1.129672027101049459e+01
1.179772278150074811e+02
7.101533925401155045e+01
9.171122027884485994e-02
-2.255514993052130194e+03
